0 10 0 b
1 10 0 b
0 10 1 b
1 10 1 b
0 9 2 b
0 8 3 b
0 7 4 b
0 5 5 b
0 5 6 b
1 9 2 b
1 8 3 b
1 7 4 b
1 5 5 b
1 5 6 b
2 5 5 b
2 5 6 b
3 5 5 b
3 5 6 b
6 5 5 b
6 5 6 b
7 5 5 b
7 5 6 b
8 5 5 b
8 5 6 b
9 5 5 b
9 5 6 b
8 4 4 b
8 3 3 b
8 2 2 b
9 4 4 b
9 3 3 b
9 2 2 b
8 0 1 b
9 0 1 b
10 0 1 b
11 0 1 b
12 0 1 b
13 0 1 b
14 0 1 b
15 0 1 b
12 0 2 b
13 0 2 b
14 0 2 b
15 0 2 b
12 0 3 b
15 0 3 b
12 0 4 b
15 0 4 b
12 0 5 b
13 0 5 b
14 0 5 b
15 0 5 b
12 0 6 b
13 0 6 b
14 0 6 b
15 0 6 b
15 1.66 7 b
15 3.33 8 b
15 5 9 b
14 5 9 b
13 5 9 b
12 5 9 b
11 6.66 9 b
10 8.33 9 b
9 10 9 b
8 10 9 b
7 10 9 b
6 10 9 b
2 5 9 b
1 5 9 b